* Measurement data measured by REW V5.31.1
* Source: Microphone (6- USB Sound Device        ), MICROPHONE (Master Volume), L, volume: 0.250
* Format: 256k Log Swept Sine, 1 sweep at -20.0 dBFS with no timing reference
* Dated: Apr 8, 2026 1:38:48 PM
* REW Settings:
*  C-weighting compensation: Off
*  Target level: 75.0 dB
* Note: 
* Measurement: L CIELO TIP 6 2030
* Smoothing: None
* Frequency Step: 1/48 octave
* Start Frequency: 20.300 Hz
*
* Freq(Hz) SPL(dB) Phase(degrees)
20.299999 88.017 16.7439
20.600000 88.039 16.0260
20.900000 88.055 15.3713
21.200001 88.069 14.7049
21.400000 88.077 14.2520
21.799999 88.090 13.3350
22.000000 88.095 12.8787
22.400000 88.103 11.9905
22.700001 88.107 11.3561
23.000000 88.113 10.7493
23.299999 88.119 10.1607
23.600000 88.125 9.5797
24.000000 88.130 8.8037
24.299999 88.129 8.2179
24.700001 88.119 7.4384
25.000000 88.106 6.8626
25.400000 88.086 6.1119
25.799999 88.067 5.3759
26.200001 88.054 4.6430
26.500000 88.050 4.0927
26.900000 88.048 3.3670
27.200001 88.048 2.8434
27.600000 88.049 2.1928
28.000000 88.049 1.6033
28.500000 88.046 0.9180
29.000000 88.030 0.2232
29.500000 87.994 -0.5044
30.000000 87.940 -1.2242
30.400000 87.895 -1.7725
30.700001 87.865 -2.1766
31.100000 87.832 -2.7328
31.500000 87.801 -3.3164
32.000000 87.757 -4.0351
32.500000 87.706 -4.6583
33.000000 87.663 -5.1901
33.500000 87.632 -5.7327
34.000000 87.603 -6.3387
34.500000 87.570 -6.9249
35.000000 87.541 -7.4117
35.500000 87.526 -7.8573
36.000000 87.513 -8.3741
36.500000 87.480 -8.9494
37.000000 87.426 -9.4645
37.500000 87.374 -9.8828
38.200001 87.333 -10.4774
38.700001 87.317 -10.9584
39.500000 87.303 -11.6824
40.000000 87.294 -12.1531
40.599998 87.250 -12.7485
41.200001 87.168 -13.1209
41.799999 87.117 -13.2579
42.500000 87.130 -13.7890
43.099998 87.111 -14.7617
43.700001 87.023 -15.5693
44.400002 86.932 -15.9167
45.000000 86.913 -16.2377
45.500000 86.888 -16.7548
46.200001 86.801 -17.4372
46.799999 86.730 -17.7347
47.500000 86.688 -18.1327
48.200001 86.627 -18.7138
48.700001 86.564 -19.0321
49.400002 86.492 -19.2816
50.000000 86.457 -19.5434
50.799999 86.406 -20.0915
51.500000 86.333 -20.5513
52.200001 86.252 -20.8453
53.000000 86.179 -21.0936
53.799999 86.122 -21.4590
54.500000 86.064 -21.8272
55.200001 86.000 -22.1456
56.000000 85.923 -22.4703
57.000000 85.828 -22.7881
58.000000 85.761 -23.1147
59.000000 85.685 -23.5108
60.000000 85.597 -23.7873
60.799999 85.530 -24.0709
61.500000 85.466 -24.3401
62.200001 85.409 -24.5051
63.000000 85.368 -24.6389
64.000000 85.311 -24.9408
65.000000 85.217 -25.2806
66.000000 85.123 -25.5443
67.000000 85.053 -25.6537
68.000000 85.000 -25.8169
69.000000 84.911 -26.0756
70.000000 84.819 -26.2393
71.000000 84.744 -26.3784
72.000000 84.685 -26.4955
73.000000 84.622 -26.8191
74.000000 84.528 -27.0696
75.000000 84.455 -27.1389
76.199997 84.372 -27.2954
77.500000 84.296 -27.4627
78.800003 84.181 -27.6776
80.000000 84.112 -27.5002
81.199997 84.053 -27.5559
82.500000 83.959 -27.7351
83.800003 83.904 -27.9553
85.000000 83.847 -27.7977
86.199997 83.792 -27.5490
87.500000 83.673 -28.0304
88.500000 83.609 -28.0608
90.000000 83.537 -28.0985
91.199997 83.463 -27.9577
92.500000 83.395 -28.2043
93.800003 83.325 -28.1656
95.000000 83.261 -28.1040
96.199997 83.197 -28.2069
97.500000 83.127 -28.2177
98.800003 83.075 -28.1683
100.000000 82.995 -28.1380
101.500000 82.935 -28.1337
103.000000 82.874 -28.1035
104.400002 82.805 -28.0673
106.000000 82.735 -27.9214
107.500000 82.666 -27.9767
109.000000 82.635 -27.6260
110.599998 82.527 -27.6344
112.000000 82.457 -27.6712
113.800003 82.392 -27.6156
115.000000 82.340 -27.5223
117.199997 82.246 -27.4514
118.000000 82.224 -27.4581
120.599998 82.125 -27.2628
122.000000 82.072 -27.1593
124.099998 82.009 -27.1305
125.000000 81.993 -26.9609
126.500000 81.918 -26.8223
128.000000 81.884 -26.8245
131.500000 81.758 -26.4840
132.000000 81.744 -26.4857
134.000000 81.681 -26.1882
136.000000 81.599 -26.1938
138.000000 81.552 -25.9674
140.000000 81.478 -25.8848
143.000000 81.429 -25.6559
145.000000 81.349 -25.4690
147.500000 81.296 -25.2233
150.000000 81.209 -25.0586
152.500000 81.146 -24.8917
155.000000 81.103 -24.7429
157.500000 81.030 -24.4978
160.000000 80.984 -24.3022
162.500000 80.910 -24.1628
165.000000 80.890 -23.8574
167.500000 80.816 -23.7301
170.000000 80.774 -23.3857
172.500000 80.701 -23.1963
175.000000 80.654 -23.0414
177.500000 80.615 -22.9329
180.000000 80.574 -22.5171
182.500000 80.513 -22.3940
185.000000 80.491 -22.2734
187.500000 80.446 -21.8880
190.000000 80.374 -21.8829
192.500000 80.353 -21.7513
195.000000 80.326 -21.3551
197.500000 80.287 -21.1908
200.000000 80.231 -20.8646
203.000000 80.182 -20.7170
206.000000 80.145 -20.4182
209.000000 80.095 -20.1597
212.000000 80.025 -19.8458
214.000000 80.014 -19.7827
218.000000 79.944 -19.0814
220.000000 79.937 -19.1807
224.000000 79.832 -18.8063
227.000000 79.824 -18.5003
230.000000 79.745 -18.1133
233.000000 79.734 -17.8449
236.000000 79.701 -17.5328
240.000000 79.657 -16.8824
243.000000 79.668 -16.3742
247.000000 79.642 -15.9101
250.000000 79.798 -13.5899
254.000000 79.701 -15.2102
258.000000 79.711 -15.2054
262.000000 79.705 -15.1774
265.000000 79.688 -15.0359
269.000000 79.697 -15.2136
272.000000 79.655 -15.2214
276.000000 79.620 -15.1131
280.000000 79.571 -15.0929
285.000000 79.520 -14.7123
290.000000 79.465 -14.4473
295.000000 79.413 -14.2699
300.000000 79.371 -13.9142
304.000000 79.329 -13.8033
307.000000 79.326 -13.4095
311.000000 79.278 -13.4282
315.000000 79.229 -13.0872
320.000000 79.201 -12.7280
325.000000 79.161 -12.5179
330.000000 79.144 -12.1616
335.000000 79.107 -11.9064
340.000000 79.066 -11.6501
345.000000 79.029 -11.2873
350.000000 79.002 -11.1273
355.000000 78.984 -10.8323
360.000000 78.953 -10.4913
365.000000 78.905 -10.2933
370.000000 78.869 -10.0804
375.000000 78.866 -9.6177
382.000000 78.800 -9.2388
387.000000 78.787 -9.0004
395.000000 78.724 -8.6177
400.000000 78.710 -8.3031
406.000000 78.672 -7.8926
412.000000 78.645 -7.5247
418.000000 78.623 -7.2713
425.000000 78.580 -6.8536
431.000000 78.566 -6.5405
437.000000 78.522 -6.1728
444.000000 78.500 -5.7815
450.000000 78.476 -5.4968
455.000000 78.469 -5.1188
462.000000 78.419 -4.6347
468.000000 78.404 -4.3943
475.000000 78.365 -3.9845
482.000000 78.326 -3.6739
487.000000 78.321 -3.4780
494.000000 78.291 -3.1232
500.000000 78.273 -2.5516
508.000000 78.225 -2.2179
515.000000 78.191 -1.8409
522.000000 78.195 -1.5569
530.000000 78.159 -0.9633
538.000000 78.132 -0.4630
545.000000 78.129 0.0026
552.000000 78.096 0.2665
560.000000 78.041 0.9693
570.000000 78.036 1.2796
580.000000 77.985 1.8011
590.000000 77.993 2.5595
600.000000 77.953 3.1587
608.000000 77.935 3.5195
615.000000 77.913 3.9592
622.000000 77.913 4.4264
630.000000 77.854 4.8558
640.000000 77.845 5.5225
650.000000 77.850 6.2084
660.000000 77.834 6.7107
670.000000 77.810 7.3269
680.000000 77.763 8.0650
690.000000 77.815 8.5870
700.000000 77.773 9.1809
710.000000 77.782 9.9187
720.000000 77.759 10.5706
730.000000 77.753 11.1643
740.000000 77.759 12.1323
750.000000 77.765 12.5067
762.000000 77.747 13.4596
775.000000 77.755 14.2250
788.000000 77.783 15.0603
800.000000 77.779 15.8626
812.000000 77.804 16.6252
825.000000 77.813 17.5754
838.000000 77.861 18.2744
850.000000 77.903 19.1420
862.000000 77.933 20.0215
875.000000 77.950 20.8737
885.000000 77.990 21.4380
900.000000 78.087 22.2700
912.000000 78.131 22.9314
925.000000 78.158 23.6907
938.000000 78.222 24.4098
950.000000 78.279 24.9462
962.000000 78.372 25.7256
975.000000 78.406 26.4639
988.000000 78.516 26.9385
1000.000000 78.445 26.6607
1015.000000 78.636 28.1541
1030.000000 78.724 28.7065
1044.000000 78.812 29.3444
1060.000000 78.923 29.8131
1075.000000 79.010 30.2145
1090.000000 79.098 30.7683
1106.000000 79.192 31.0773
1120.000000 79.264 31.4491
1138.000000 79.335 32.0468
1150.000000 79.443 32.3139
1172.000000 79.537 32.6698
1180.000000 79.543 32.8841
1206.000000 79.663 33.2277
1220.000000 79.750 33.6883
1241.000000 79.820 33.9285
1250.000000 79.840 34.1241
1265.000000 79.925 34.4113
1280.000000 79.962 34.7043
1315.000000 80.114 35.2416
1320.000000 80.116 35.2665
1340.000000 80.194 35.6662
1360.000000 80.224 35.8807
1380.000000 80.299 36.2313
1400.000000 80.350 36.5519
1430.000000 80.430 37.2839
1450.000000 80.509 37.6323
1475.000000 80.562 38.1383
1500.000000 80.630 38.3787
1525.000000 80.698 38.8664
1550.000000 80.776 39.5597
1575.000000 80.874 40.0605
1600.000000 80.913 40.6224
1625.000000 81.025 41.0877
1650.000000 81.100 41.6292
1675.000000 81.172 42.1713
1700.000000 81.274 42.6562
1725.000000 81.353 43.2438
1750.000000 81.433 43.6361
1775.000000 81.526 44.2027
1800.000000 81.634 44.6573
1825.000000 81.735 45.2859
1850.000000 81.837 45.6017
1875.000000 81.938 46.1571
1900.000000 82.068 46.7602
1925.000000 82.172 47.0579
1950.000000 82.300 47.6998
1975.000000 82.421 48.0765
2000.000000 82.451 48.9432
2030.000000 82.699 48.8570
2060.000000 82.876 49.3367
2090.000000 83.040 49.6417
2120.000000 83.206 50.0736
2140.000000 83.336 50.1224
2180.000000 83.556 50.5176
2200.000000 83.690 50.5740
2240.000000 83.959 50.6693
2270.000000 84.147 50.6237
2300.000000 84.319 50.4775
2330.000000 84.523 50.3753
2360.000000 84.724 50.1361
2400.000000 84.969 49.6245
2430.000000 85.150 49.2170
2470.000000 85.383 48.3949
2500.000000 85.537 47.8434
2540.000000 85.732 46.9268
2580.000000 85.911 46.0432
2620.000000 86.090 44.9379
2650.000000 86.181 44.0911
2690.000000 86.317 43.0355
2720.000000 86.399 42.1822
2760.000000 86.497 41.1371
2800.000000 86.602 40.1158
2850.000000 86.688 38.8782
2900.000000 86.783 37.5667
2950.000000 86.863 36.2730
3000.000000 86.981 35.2889
3040.000000 87.008 33.7797
3070.000000 87.038 32.9794
3110.000000 87.075 31.7631
3150.000000 87.100 30.5166
3200.000000 87.096 29.0149
3250.000000 87.071 27.3846
3300.000000 87.012 25.8379
3350.000000 86.920 24.4685
3400.000000 86.820 23.1706
3450.000000 86.699 22.0183
3500.000000 86.596 21.1133
3550.000000 86.455 20.2088
3600.000000 86.329 19.3437
3650.000000 86.179 18.6275
3700.000000 86.029 17.9778
3750.000000 85.864 17.5935
3820.000000 85.642 17.1309
3870.000000 85.491 17.0756
3950.000000 85.249 17.1397
4000.000000 85.134 17.1312
4060.000000 84.955 18.0239
4120.000000 84.857 18.1170
4180.000000 84.726 18.8232
4250.000000 84.676 19.4159
4310.000000 84.629 20.0597
4370.000000 84.612 20.5189
4440.000000 84.563 20.8993
4500.000000 84.542 21.3942
4550.000000 84.514 21.6517
4620.000000 84.492 21.9221
4680.000000 84.465 22.2995
4750.000000 84.467 22.5187
4820.000000 84.467 22.7329
4870.000000 84.450 23.0207
4940.000000 84.454 23.0900
5000.000000 84.494 23.5860
5080.000000 84.419 23.5301
5150.000000 84.386 23.4540
5220.000000 84.355 23.6480
5300.000000 84.285 23.8488
5380.000000 84.225 23.9134
5450.000000 84.145 24.0607
5520.000000 84.079 24.5720
5600.000000 84.004 25.2635
5700.000000 83.881 26.4093
5800.000000 83.845 28.0013
5900.000000 83.926 29.9335
6000.000000 84.184 32.0226
6080.000000 84.406 33.4362
6150.000000 84.808 33.6073
6220.000000 85.188 32.5294
6300.000000 85.459 29.9835
6400.000000 85.519 26.0752
6500.000000 85.239 22.5766
6600.000000 84.728 20.5938
6700.000000 84.202 20.4242
6800.000000 83.728 21.4722
6900.000000 83.398 23.1485
7000.000000 83.151 25.3506
7100.000000 83.041 27.7655
7200.000000 83.011 30.1233
7300.000000 83.052 32.5467
7400.000000 83.252 34.6139
7500.000000 83.549 36.2880
7620.000000 83.887 37.7052
7750.000000 84.536 38.8521
7880.000000 85.167 38.2241
8000.000000 86.178 36.5953
8120.000000 86.858 29.0495
8250.000000 86.903 19.6308
8380.000000 85.998 13.5442
8500.000000 86.239 11.9298
8620.000000 86.078 4.8267
8750.000000 85.323 -2.9779
8850.000000 84.430 -6.5307
9000.000000 83.104 -8.4342
9120.000000 82.264 -8.4371
9250.000000 81.472 -7.5048
9380.000000 80.750 -6.1288
9500.000000 80.190 -4.7764
9620.000000 79.803 -3.2167
9750.000000 79.446 -1.8609
9880.000000 79.154 -0.6109
10000.000000 79.145 -0.2455
10150.000000 78.612 -0.0064
10300.000000 77.945 1.3762
10440.000000 77.335 5.1720
10600.000000 77.902 11.6353
10750.000000 78.827 10.4694
10900.000000 79.122 5.3828
11060.000000 78.883 -0.2307
11200.000000 78.332 -5.2170
11380.000000 77.303 -8.3869
11500.000000 76.578 -10.0916
11720.000000 75.341 -10.2082
11800.000000 74.829 -9.3325
12060.000000 73.291 -4.4419
12200.000000 72.839 -0.7431
12410.000000 72.252 3.5564
12500.000000 72.025 6.4156
12650.000000 71.592 9.9786
12800.000000 71.616 12.1574
13150.000000 71.432 21.2013
13200.000000 71.401 22.9056
13400.000000 71.487 26.0325
13600.000000 71.481 31.6594
13800.000000 72.228 36.4001
14000.000000 73.041 38.5712
14300.000000 74.145 40.2134
14500.000000 75.073 38.1803
14750.000000 76.507 36.8653
15000.000000 77.812 27.8873
15250.000000 78.456 16.8285
15500.000000 78.621 6.2412
15750.000000 78.433 -2.7987
16000.000000 78.186 -9.0973
16250.000000 78.137 -15.1171
16500.000000 78.339 -21.3556
16750.000000 78.434 -29.5930
17000.000000 78.321 -37.8059
17250.000000 77.981 -47.1459
17500.000000 77.401 -53.7282
17750.000000 76.871 -60.2241
18000.000000 76.391 -63.7343
18250.000000 76.675 -73.7313
18500.000000 73.622 -82.4507
18750.000000 75.509 -65.8942
19000.000000 75.213 -103.7493
19250.000000 66.746 -91.6519
19500.000000 71.859 -74.6758
19750.000000 70.308 -96.2712
