20,68.29611314994229
20.3,68.3020357603713
20.6,68.30762973939545
20.9,68.31288074168756
21.2,68.31741898684815
21.5,68.32046294544708
21.8,68.32176302565391
22.1,68.32335927641637
22.4,68.32368001914485
22.7,68.3224967998634
23,68.31865956578835
23.3,68.31270518629567
23.6,68.30861515824091
23.9,68.30729446359518
24.2,68.30531250736266
24.6,68.29260377461415
25,68.2751975999136
25.4,68.25955468383613
25.8,68.24652332546638
26.2,68.2372831484188
26.6,68.22986905125413
27,68.21930367010265
27.4,68.20432984131837
27.8,68.18380213599796
28.2,68.15540530621148
28.6,68.12975845880317
29,68.11305740463096
29.4,68.10103239912603
29.8,68.08483279406312
30.2,68.06317351244338
30.6,68.04027025840197
31,68.01772691806235
31.5,67.98849770823956
32,67.95992581185365
32.5,67.93199373117386
33,67.90506050062872
33.5,67.87791811025868
34,67.8491690760169
34.5,67.8183589488512
35,67.78746651453733
35.5,67.75728134826856
36,67.72778136403797
36.5,67.69775541487701
37,67.66655830404163
37.5,67.6347896952565
38,67.6036153221533
38.6,67.5653731741604
39.2,67.52872478391669
39.8,67.49243022501109
40.4,67.45582717034081
41,67.41888729697021
41.6,67.38198256834531
42.2,67.34386277067873
42.8,67.30626683234827
43.4,67.26919045518183
44,67.23139604252941
44.6,67.19323526105114
45.2,67.15466033318339
45.9,67.1071548544991
46.6,67.06007372280689
47.3,67.01476206589774
48,66.97118873044873
48.7,66.92689000134905
49.4,66.88202596619266
50.1,66.83632424902738
50.8,66.7897476617572
51.5,66.74324923392591
52.2,66.69678358595189
53,66.6446642174584
53.8,66.59007988490039
54.6,66.53254963741252
55.4,66.4756192498048
56.2,66.4198731346626
57,66.3646337482114
57.8,66.30707515658138
58.6,66.24916779240773
59.5,66.1845797155632
60.4,66.11951040736355
61.3,66.05296502380543
62.2,65.98398182516408
63.1,65.91557862388335
64,65.84786794870158
64.9,65.77894640253706
65.8,65.70995211268753
66.8,65.63313448919702
67.8,65.55648461768325
68.8,65.4807558633152
69.8,65.40683752684468
70.8,65.33490914825673
71.8,65.26430982241648
72.8,65.19451810605999
73.9,65.1193905653696
75,65.04887803116466
76.1,64.98275910577827
77.2,64.91984020857335
78.3,64.85901365721126
79.4,64.80205980364065
80.6,64.74183950323328
81.8,64.68518513159437
83,64.63175837367453
84.2,64.58146269804524
85.4,64.53215134522509
86.6,64.48240704325092
87.9,64.42815748033486
89.2,64.37229079328098
90.5,64.31690450139132
91.8,64.26315524988595
93.1,64.20871479187663
94.5,64.14805692523142
95.9,64.08593584254739
97.3,64.0223484093926
98.7,63.95849104186298
100,63.89775285584
102,63.804054026724216
104,63.73245354739132
106,63.685185072736324
108,63.633803325524205
110,63.57766516259756
112,63.51892479701893
114,63.459720425752465
116,63.4043624648626
118,63.349390291254714
120,63.29346051680411
122,63.238838244210676
124,63.188643341621535
126,63.13868268898778
128,63.08599775909376
130,63.034243161506126
132,62.98563131243337
134,62.93817840162613
136,62.89189396751066
138,62.84597040934655
140,62.80102876534389
142,62.757251805001246
144,62.71362972281849
146,62.66933821524415
148,62.6259841133794
150,62.58354961466417
152,62.541581547574005
154,62.500681990284136
156,62.461641171330704
158,62.42362666752839
160,62.38561763378846
162,62.3485939510315
164,62.31153661009021
166,62.27361680135447
168,62.23544129191018
170,62.19599639205375
173,62.135561738398195
176,62.07783186441189
179,62.023415819383544
182,61.967692402980646
185,61.91211188248076
188,61.856460741716866
191,61.80240763939767
194,61.74763500579319
197,61.69097034753862
200,61.63693133607516
203,61.58398912586692
206,61.53286810812351
209,61.48286539065017
212,61.43409418512644
215,61.38467092416134
218,61.33671373049255
221,61.291529740269986
224,61.24867014999981
227,61.203816456840535
230,61.14989213884802
233,61.098194271657334
236,61.06163794107323
239,61.03832195513044
243,61.01062799308905
247,60.971766153167934
251,60.9344903759901
255,60.906404044428996
259,60.87784776500597
263,60.8399564102
267,60.80384879204382
271,60.778628741824136
275,60.75457500732529
279,60.72519876705802
283,60.69113217980334
287,60.659242181318376
291,60.632764004110385
295,60.60935853482367
299,60.59124569310646
303,60.573450371981295
307,60.54980324289715
312,60.511975974066296
317,60.48090623158221
322,60.461228006907895
327,60.43894598260685
332,60.40862555512156
337,60.37950656640166
342,60.35533526445802
347,60.33453403529065
352,60.31608940666299
357,60.29855258208656
362,60.28034125727246
367,60.26343860529143
372,60.24958230681263
377,60.24581122009049
383,60.242272070543486
389,60.22815541162626
395,60.20880940894163
401,60.1820168154412
407,60.158561329303126
413,60.15198263902625
419,60.15987786233954
425,60.17303399546308
431,60.18961665957226
437,60.204603885944316
443,60.22097483215378
449,60.23770975278161
456,60.255502313499214
463,60.273736972860355
470,60.28919886934484
477,60.300429783098906
484,60.3096519410623
491,60.31659895920562
498,60.32449597129158
505,60.331890577127304
512,60.33776539493563
519,60.34153797822043
527,60.34095423550803
535,60.33768912822554
543,60.33372314080869
551,60.329038190987745
559,60.322617515535136
567,60.317445565128025
575,60.31150790775352
583,60.30579114006863
592,60.29873333396555
601,60.28992293021534
610,60.27934478419737
619,60.26798491695728
628,60.25783041488933
637,60.24786933886402
646,60.23809064188876
655,60.229484094469406
665,60.221667217026734
675,60.216039171697695
685,60.21158890253455
695,60.21030622461031
705,60.21118174795971
715,60.214206809067484
725,60.21956214509353
736,60.23041134362115
747,60.244791287642855
758,60.26593871952107
769,60.291412213114995
780,60.32101601901182
791,60.35393242771446
803,60.39239910941322
815,60.43037658592301
827,60.46610348390045
839,60.49632888209807
851,60.52629248777843
863,60.556744370037585
876,60.59398267931964
889,60.63134071191433
902,60.6698138594451
915,60.707397978874624
928,60.745089355722364
942,60.78679622127139
956,60.83043122904459
970,60.87455736994614
984,60.922605639443994
998,60.97676236738979
1010,61.026124329163856
1020,61.068651560233
1030,61.11223178686613
1050,61.19654947676493
1070,61.28007464649171
1090,61.36780567683567
1110,61.45974200232065
1130,61.55207278083276
1150,61.64023315864915
1170,61.72379158551604
1190,61.80756241867586
1210,61.894549574961516
1230,61.98094651026626
1250,62.06719252586848
1270,62.15086012124643
1290,62.23176763316467
1310,62.30792292095417
1330,62.379334642046786
1350,62.44701226996519
1370,62.5099661191126
1390,62.57020737685638
1410,62.6275594075573
1430,62.68160148136037
1450,62.73178147273671
1470,62.78030328994234
1490,62.82699454073897
1510,62.87225030789246
1530,62.91608958011889
1550,62.962155380266786
1570,63.010658592586324
1590,63.06762318690989
1610,63.12907514541194
1630,63.19385394127675
1650,63.26036772201171
1670,63.32764989321606
1690,63.39635940525067
1710,63.46672473933059
1730,63.538600546946334
1760,63.64780186270111
1790,63.76167337619305
1820,63.88260562605659
1850,64.01182520915825
1880,64.15058311233534
1910,64.3001517879062
1940,64.4628184957889
1970,64.63787350016348
2000,64.82459165318447
2030,65.02320610343179
2060,65.23787346104562
2090,65.46963083801752
2120,65.71834678325821
2150,65.97985886234933
2180,66.25417155661144
2210,66.54155327725472
2240,66.8317661908614
2270,67.12026743905068
2300,67.40606547175659
2330,67.68074195163574
2360,67.93967106574136
2390,68.17703208854442
2420,68.38599557592485
2460,68.62466099702829
2500,68.81484217451437
2540,68.95527837390559
2580,69.05133090521187
2620,69.10740464737152
2660,69.11956778704429
2700,69.10730032051399
2740,69.07685844337632
2780,69.03782499121085
2820,68.99318262050117
2860,68.94622529399716
2900,68.90329077635036
2940,68.8619720186585
2980,68.81946673259958
3020,68.77333397381508
3060,68.72236157149344
3100,68.66585777662254
3150,68.58604840796914
3200,68.49153121771175
3250,68.38983828399247
3300,68.28372548433617
3350,68.1758248021059
3400,68.07315075454336
3450,67.97894191185553
3500,67.90270987428663
3550,67.84111738040902
3600,67.79108331164167
3650,67.75306903413372
3700,67.72401810078553
3750,67.70243761757189
3800,67.68663826247213
3860,67.67203250122445
3920,67.66184848950176
3980,67.65402924623973
4040,67.6468603990432
4100,67.63893654480079
4160,67.62709939105935
4220,67.61118040420806
4280,67.58788550663823
4340,67.55668079188125
4400,67.51361243626071
4460,67.45949324231377
4520,67.3960222109573
4590,67.31388798989228
4660,67.22314419333418
4730,67.11963702564721
4800,67.00131273108161
4870,66.86729648469668
4940,66.72377909274013
5010,66.57407948816481
5080,66.43277509277637
5150,66.28840376552941
5220,66.1393480080326
5300,65.95733698764097
5380,65.76470696860065
5460,65.56907031751672
5540,65.37055701116067
5620,65.17283688332952
5700,64.97698436048559
5780,64.78448937703702
5860,64.595439031173
5950,64.39207991757313
6040,64.19902532673296
6130,64.02333384063405
6220,63.856717398876306
6310,63.699699620861075
6400,63.549535794007376
6490,63.40429163485604
6580,63.26504671924433
6680,63.11087438927826
6780,62.96118109941511
6880,62.82019070896574
6980,62.69616870665558
7080,62.588416984921224
7180,62.490266339413346
7280,62.39906732211119
7390,62.303462221362054
7500,62.214390372866625
7610,62.133307421240346
7720,62.065630385718464
7830,61.9985318000554
7940,61.92586795609154
8060,61.822019434224785
8180,61.705713245719124
8300,61.58451079882575
8420,61.46169360988387
8540,61.34315286934796
8660,61.23545366681262
8790,61.13791438183042
8920,61.06510780487131
9050,61.01306023871158
9180,60.982707850276235
9310,60.97792644603019
9450,60.989159524626864
9590,61.0110153499374
9730,61.03305596087185
9870,61.059881873269696
10010,61.092146454625784
10160,61.1337581116575
10310,61.178784557123635
10460,61.22380434558547
10610,61.262279120180864
10760,61.29448619648382
10920,61.325166387183536
11080,61.354378058484194
11240,61.38169176828523
11400,61.40569894225294
11570,61.42620938314058
11740,61.44231882494798
11910,61.44897861148879
12080,61.44506571373714
12260,61.42737453892129
12440,61.391962695190706
12620,61.33792166416156
12800,61.25639238391022
12990,61.14740513015203
13180,61.02196525964702
13370,60.89248824984904
13560,60.756407568277154
13760,60.598590600480364
13960,60.41950293247696
14160,60.21813745363595
14370,59.99004658699075
14580,59.751318628437204
14790,59.50805229296694
15010,59.24596107905318
15230,58.97906696646419
15450,58.706947933916204
15670,58.43381078065675
15900,58.149836152252654
16130,57.86824952217193
16360,57.59135544306804
16600,57.3095663485761
16840,57.03465031777226
17080,56.767932136175425
17330,56.49807387128803
17580,56.23905270483994
17840,55.98064264643853
18100,55.728551201627454
18360,55.47857568873921
18630,55.210624865353644
18900,54.943590731979825
19170,54.70513390198795
19450,54.47857462421904
19730,54.2602003112324
20000,54.055722084982705